20:36:15   0.5460    0.5580    0.5550    0.5550 
20:36:15   0.5460    0.5550    0.5550    0.5580 
20:36:16   0.5430    0.5550    0.5580    0.5550 
20:36:16   0.5430    0.5550    0.5550    0.5550 
20:36:17   0.5460    0.5550    0.5580    0.5580 
20:36:17   0.5430    0.5550    0.5550    0.5550 
20:36:18   0.5430    0.5580    0.5550    0.5550 
20:36:18   0.5430    0.5550    0.5550    0.5580 
20:36:19   0.5430    0.5550    0.5550    0.5550 
20:36:19   0.5460    0.5580    0.5550    0.5550 
20:36:20   0.5460    0.5550    0.5550    0.5550 
20:36:20   0.5430    0.5580    0.5550    0.5550 
20:36:21   0.5460    0.5550    0.5550    0.5580 
20:36:22   0.5430    0.5550    0.5550    0.5550 
20:36:22   0.5460    0.5580    0.5550    0.5550 
20:36:23   0.5430    0.5550    0.5550    0.5580 
20:36:23   0.5430    0.5550    0.5550    0.5550 
20:36:24   0.5430    0.5550    0.5550    0.5580 
20:36:24   0.5430    0.5550    0.5580    0.5550 
20:36:25   0.5460    0.5580    0.5550    0.5550 
